105361461743890040702
105377693307368061013
102891963682045703790
101817656822009353511
106059570351985869103
104961406012654314344
113123941200298946510
100577125440026337505
117389916111906262799
105361461743890040702
105377693307368061013
102891963682045703790
101817656822009353511
106059570351985869103
104961406012654314344
113123941200298946510
100577125440026337505
117389916111906262799
107459360230738700328
108793621443518407935
117586446271921149656
118341977301714506197
107316151152900332757
102617483613352261577
113315169958329148531
101074572496621201281
113757914149118662901
101362948056949158872
114296979496729676612
109946293362443750070
116604291903143496250
100406326861864078200
109900786057938683494
116674493483634194038
116486712062740089594
111683391686274840331
113665450364444875650
105704092696769780979
108527329601014444443
118027446969015098194
106239881716340772118
106698844812357249788
116931301359245367157
110449665570534709342
110435076297334125033
116531126913606359895
105753073441892607464
117936544541058285568
104929286999170091384
106265260795413532513
114658193953582879630
106131817641501632566
104594509067213287276
112224072603671827845
101968646219312754421
111119323395476187578
114436966552664376250
106005576742700157807
108026739594095802218
102163340143270457880
100968645886533423886
101243796292650227660
106537125463177364185
116612813701292022469
116605509802677907054
101149057643295895843
117268298940745601266
112163482957100991885
114169372903004788775
108044882996550246915
108058432722148124818
112528571844526968874
116395946002897652946
109955810449483443526
109267510828483749868
105523483692771859759
115823889268362752503
102449430957852729202
115846298441194528550
103105524445402319887
102103056885102965612
116451158968307790376
111662285869583121379
110233518928733143630
109311070734127369183
105048741663236246461
117485808167875126233
117085839420990818717
102827921661411270955
103558626223962329678
112599651433084039017
103878476512134231774
115078064744830684231
111161932825518198952
106959754379534052859
113252984121978815367
100568083512329041413
104730266693068995711
107973247591647133203
105850399009468427130
113308474939953180928
114897562814842727262
101494684087625695432
116163046737943360933
107695927395623999756
104138347041575073280
100811170724158927013
108315424589085456181
102386722764718118292
105680288316590640136
105854928773699579027
105642543337286842145
110408098330986587977
117813872449273105070
101642448418834296289
104109461922155194463
115004824711206563844
107117027936684320150
113237239960481486660
117532820310402371002
109691818092506376806
112394436481362549185
107997275757603974237
107662417498238134639
116769039959883891726
112604879662105464702
118069939469609782938
103519655975029093996
103684974087620751394
106983800549406471589
108289626026839048870
110479167004746675441
108480599252932396008
110081533733339647985
110362006748513676453
108837104756408823233
118206139176662151805
114425515087590666201
115085478258733371518
114265881236717379124
109623313601282789917
104507699314085970837
112607657556473822749
110519412280865245553
115528468210840575759
113653679368306294930
100839253157702660734
110574536053472410504
114551275960925404609
101837002929510618429
105400291770493278434
117660774518328058443
104735551656854961177
104995321716864603443
115632672205904617132
113946772100224052881
101384459590104395331
102294939900153296377
111682641703520864618
102923362366017604346
101276853034075264381
102567245039651403178
117345188782394457649
111732443186872055751
116432032419513580702
112315529079868555055
102255236537983864047
117453608375831750689
118126084248694302709
110057631280910360273
117781174173561503872
101225248507693552667
116616246458954890595
101857284617082321028
113434890720900781168
107732282190737721685
115626053840072801777
116143624490089083886
106480028862938896034
103194779627116329733
109585249514450203563
113224518459411917732
106138085246430545194
106765418452560766102
116291183801299054785
106161737054896902522
109401811057026369438
114639366736364549769
111318370678852884742
104272307446193644512
116360100965128722463
110485182713231530837
117963434532092829426
103652441454188509895
109633901639750267135
109444458601130021476
105280373990958665078
105300154635747522426
115466389588982815284
100532418021491118736
117058575132667345922
106706765862919948587
117729474549845906532
117620457652792061688
100788586112030407587
107231985687040308605
118000635104094914692
116293792698103854898
104809655219789668881
101551549930485237040
100560198388345121483
109664094232735810352
102433795482081313370
110837982014303057310
103935182239269737185
117195971428020085784
113677009308270764970
114907754216925041644
108723453893621328565
104866689080274851675
115555173941376237103
117634643066073978546
115292150303961716572
112425862493218951645
109718913840305777419
116701442381982785411
109601569202135312413
108344971387911655793
100428520218306654892
100878686825267516578
117713296107305485612
106222823652684622967
115112069430728440236
114185174668020677504
112139289904930863409
118072919741934596668
104981339685767456961
103493459351957813291
107271013348932024210
116743986067960053150
103926665815813468296
110703627439796045999
108125716298259467367
106055569004682274431
107892945861223623478
105635778145190895066
111443923555982758297
113370645283704524943
104293615707172014306
109237319867372614432
113382984013545053958
103259066340966576948
102624560921772357781
117139352255107819976
106895281521228076521
109938202835872364257
100343712458236967182
114275009716407189803
105710543731135138487
115598805733343663963
102172291586015507062
107176760447924405799
114712668659766906479
113447837056812545127
112293268743144052963
106592659640581822611
113575528370257009088
106879120221068665434
106312397065793988865
113353854350909186246
105189038578015288310
117833274868607645375
111786760440874610265
111488456306854678679
109739736740763468269
106675131732906733608
112468414683293083211
113418135399510663043
101599914544921938191
101677185367200067540
103437839290856017977
104197655339053348219
101138245746382549058
113422505202037931414
105643772742382337079
108103391941999176019
109423110812122380784
111329186601377230833
115555849188111648101
105530236609060376707
115677023413122462513
109199106022087659340
104784452868617297400
114975466374714500333
105296898893956430253
111225584135763219004
108957933032896338004
112876059376719962124
109912723558788339905
111417466360346081970
114333481755775215334
100317251455680616242
116317705293472468227
106692358615074759788
110505727492212763190
118074123761587415902
110412448425692514265
101774352630753148134
110222110623604494759
110779263343064375250
101226857765162769011
117289079922806099793
110075803486327669382
111319281559990803803
106821689625876308817
103909290280555122637
115451656207201176165
105862605927367607433
106354835072622938590
114077464875278550679
101217141874354513709
114153054863999719488
114071306283334248297
104112882099061308204
108576642065394357961
108960303691832228875
107829874577449199619
114786303092313788049
110790973305400316376
117921579177220375786
107604913010813959121
114161154687100974774
106424094801277315078
101021667556813879181
117940946645402090926
112663526008628742414
112732105528197602774
105024659588967393040
100680869507253420703
114470416898595207138
117012998389905039374
112552992825299062573
114440254726564069708
116524939105297453320
112395646992331877441
109942855352172378594
109698740527210814363
100021245919594056078
118198627581668760152
100420239170831225132
113723590005273140969
101278100982647715026
108069418746183280606
104755060361193336671
106777904468245478778
112923546281004686797
102747562334629604831
107277064126570872860
103338100403209722044
111597525101455056739
100965524951524273154
118268810860929708634
109545258852098196087
108720739821433718941
111854127396172673363
118243979809596005944
115671476802852820961
100273157011240146568
116923190046514930975
106072025696764393183
112043958434480433452
117614311655980500760
102036638414584390636
113311736332375450968
113353157900848656725
109666216625003157538
109665127846782937943
103145495637118105001
104162060658346044672
107065607013527673036
101459856886344167523
107054729434509943195
115338610207681331116
109852929694087560282
103920960738189723326
107111268683399110407
111516054126320553046
114942149908838011798
102602082289312464514
114889912336000418035
109136950415754142404
104479500512153395616
110199099379392336840
102375130326755046826
117871950164057793064
103105407519411663689
101164580497717335878
114660380898069845109
113119974682993826106
106515732516866224755
102275121696277088393
115819835566161239557
103411759714272421829
107613161873182164959
117205151024670281419
107038535816630753939
109199254524539300702
110758693510131874432
111028575583175230366
107120806138592398751
113877272266259790763
108823978031050857646
102514619436163194228
103824212899940186353
104549387727439852711
109973311992202065998
112488509763300331399
103379916524543321303
110264057984699833518
101407794416399760185
112405974418845356983
105037613666450634944
116878956669570011200
109630668611695032900
100052153467308822326
113569739338814774977
113526486278242694993
108583027518888288588
101932840831780465949
116750251567295865311
109283781288992735580
112405781394143488034
106401898547078797751
101656043016584839551
103419343100589625706
111473724320783814498
108658311178814919540
113060184533459217846
101222772040856480450
101093578406682627395
105711897607940905656
102330925613631584022
109431854162056379587
105443290705615409270
106366026288198338538
104559088924009747162
109214478757149276388
114131937933702737132
117107639897687771017
100899120083761413535
107061956323688856330
114300891219732075906
100060486841318182138
109787814535357054396
104597857783827116094
117640813102044748302
116927666232895599345
100244648746826491182
109658237890444789274
116189536186556932849
110977479879933830174
107853659262896594747
102949969468105927329
117708485379594393248
108687367171130521871
113647634084803720153
114379598527375960077
117534618780996601977
116870952284146186058
107888298562746136191
105357600478465688272
114343460401582870466
107995364624126750133
105776604592839791482
116114766221717398887
116975535005950721218
102358566443682745574
116612809935397036224
101623643425009849143
113729277367184919773
111589956533107028959
110732041013840753249
104864261936414419635
116611483089296701476
112848262116382788163
104497531734361248165
112371719360289984170
107064719605344800355
110291276766209289566
113964694865442015257
110488586644308850287
105647040503321877084
117345767208079237756
102555720514601804959
103444836402382153351
118172490616079014101
105282379274607412887
117774442972316311145
104508044515289873201
113549441392840240435
117783113906561198831
110506670654369554059
117792441567934501567
107465747973879947010
102355438470080501971
103047979415041372427
116120460344649552853
111053276737268302508
113701910117350007973
105818415966558655499
108060960471558079647
102558847140728884153
106906290594664242957
111217186051173691534
115322659244814599963
107487756990563176818
107973117147722257570
105238423850830113346
115072648907936100686
109281193324940730195
102315708566197356477
108733397769157539212
103249022835286840729
111243726578675006793
100774560882049805736
115521496620844169244
108749890552455112923
104158223914759442956
116945187939707071704
102017363000096052534
106595298702600082492
116156914982692866395
117483024538743647054
116630885363426185039
102784359204375816602
102490267224276701525
101212798617089507680
105325617775051273084
101720842098394805327
117276712791932591100
105175541368809731619
105837147100668943793
106094933863365925193
105756883616758487374
114343246600751246045
102823001300802946596
101092632466020314232
116690254018721718695
101121695093218652891
108881274126308501923
117000499627539441171
106559486619191843733
103483998290364319973
118128002992287800615
117306156041574270595
101977172028344838231
102620404606968262271
100854394854176834533
109332001696873903900
104238503017143651465
108468160923349788551
116602133458430532154
103480407196682687550
111308833345737718696
114822175080920068611
111838488789711460220
102104468867789091958
106336523582019856833
114817491625770428254
113751898520583672843
112779769934491527433
106108666832471430646
101865782315311192345
112278387490158868403
100370511567925427470
109587444108557395157
105499539170634671299
112395500749691339815
111866855089178142931
104338518901649566886
113653455646477802354
110851596199064199715
109278962630081587362
115265151965237633775
108584056560114391218
103368301921942817219
110247065218037875104
106776043543913782636
102793622073946310450
111677929287508370684
116466507823340638567
110939337925261362576
103650599177329294322
107342580021848204684
103158361829663695411
109918121436130974835
101064618300522729969
101255318321339751547
116996626927702409444
115384217044702970718
100484867493884428693
105794729699045871721
113101536664170425440
110797514230175442741
101903930641259060873
103431146337007208961
110650845677694333058
105845243167013106073
111377787142746260365
111073068961503112766
115505232023608036652
104490265554585057786
111081074324814410837
115033107904186759551
104725113341136440396
114983482982701129794
106578713311726036292
112044365414053912764
113900553779521306309
116887686884789590062
112840811201207553450
114434706143207939795
103913987674263347871
113050964608280640876
105686326520989280076
115518581841610961746
112097905772004468407
112812811080856488792
111772230196184912805
107551032470095013435
114073756919848764800
101936995933627215384
117009502181888286670
101525705851214700923
101730637939045077238
116029932186083875545
102073359334066588157
114618199410671478549
106238223088157460285
104406427154284077887
106132190902853507998
111735362190787233145
111322091329427683652
106031140442391534223
107829640086059587489
111428142081889959257
117109546349103307995
115084678136439638969
112085577484950338584
117625104356152557124
116526763699373089978
115034061991312717166
103294418624820015984
105892021558591501586
107513224513265618158
100351380782421508825
116865339270143846037
107854546626581055630
101901560303275458765
102675651412659983678
114867925524636131347
114440165172587199109
114885113280260713752
108421068311256655678
108343932713139004525
116669244890217714621
109215675627400205679
112096519341499698074
111676519370463465904
110722263864067958850
110863151429988359752
104347436825270843539
106981140015528751412
104033731867052052879
109848391474942961826
113716819923524066940
102537134690984863946
118191804798889272199
113963460706352309820
109428252409562649900
103792225983232124613
110476691678819867566
115045495545465702731
102720741927959486748
106906671332494276202
113532467082526153366
110202997769735454064
117329049834813746474
102865818257357276162
106380540584652786155
115050533208445320428
110133618115306015588
110098359130362484425
109088554687686101953
101189006467035172045
118410489420630660879
101622459336858907343
114967530494856854235
118191303233704861327
103929470324363882580
105017676674582327540
116010540688946703131
104290706687748587781
114045800510530461940
117136737894375463873
102369238613489831911
108416540476189334912
101399994133190707046
114001582939735080654
103919075954979988389
105109113832317824515
110393618817141008599
111889261630284048743
106561406404127324924
100890766185187440786
105842369054744057393
109533019171609582489
103274824456578799297
103982631119479761813
114643882696180698602
102127076088332626811
108077026227514161114
116367386711547807733
100925604300878284749
107711731393640545161
104744726224419902744
115231967628665203563
101452669764876312980
104602230680648472743
111174860133952172483
114234292241482779493
115151560344391808230
112807848920902642159
107117483540235115863
109687913405896245047
117086118947985875736
117059217156273648474
107956828500696723396
112759354711725820445
110366290805371975783
101223676258575962219
111768510914497863560
117992725721617968490
102760715909526428390
117157070669240736344
110691844281708170933
109049731746255983330
110592016833238219597
114909894846228324255
111537396571850834053
114168761283197648371
117156145910514992919
102001256603826850353
111431237746272382050
107579047723206001172
116821829291215903371
113339854599326120981
111041869994470292418
112994741097637392953
101307166962707632781
111852119488463725230
106618585190522675449
109986001152932798992
103627352510818971577
115692185117302385997
100688575171084190759
106315729279919432742
102910875950586122617
109278224549291821493
105358053366552823435
114970020438094736652
106449593681218312564
105443443618548303385
109576535305347939930
102397551260710129375
101469477354572482729
106750194744947634291
105209384436985068111
116917024808214238085
105017169214750875610
113005633227912088973
116067071114704715185
112932121740612610785
115601680394653074259
102275892907916454902
117642240367438928888
101072661663120737263
112838868543241772370
104632900449833658522
105061549754336378322
115821408635470795134
113464593016896099667
111804644360344167206
103189315516134780632
101471667487489016008
100751529912611655620
113563793884289163195
108413129682499713400
109333421736938077614
112638425753046896004
110423359146508834788
117345416300594673863
116541071813355550976
110615152305980296233
103948892741280518241
115721182353829223328
105300083496077215978
111831237528957142950
108482273979226901963
109240917537290705831
104413057122766743278
117019535740590363076
107373585774027552814
114579373243124067940
105156420749680716465
115778539971995631913
114670459821962454663
115772859979357515649
112212462617435922242
106086046045967826830
109277412823004727429
114319661756977119200
103664977239265371547
106849588428647436254
116002124399894341816
103811986080200855963
108489106168946479953
113443683867379633363
113090684668250380589
116123069264644161575
103207254178798205813
113901817225819724751
107521671693547003867
104934747006676248568
103834497632528661293
112845121226015276926
108817650070503429692
101629211371073711149
114803111179014727727
114314783733157158967
117521923454665611746
102627098927455728797
102000324183751149555
100009721559751359427
112253759306025685511
115204884246263951763
103725994194551579639
117674110466687491553
107427021837361378314
108224444599785551737
104059216247890153557
108601613106346665317
111799391995416167619
105774929885648524968
107699647644650790133
102830701146544144144
117175998873633329480
116207115708691584653
112952571949173858777
111221059771446418819
107805016722939154534
112253906613816426672
110566346860014010640
117875979064731899843
101073451351535273081
117502171578569620948
112014227837432943229
110947780167948189122
117507251928497130165
109439666999439936745
102319289498898048865
116985892549750076024
103652390361145125375
100868852571561954447
113397556963932135447
112698294119965346705
100932195479763784248
100915915527492984579
105478451249305289399
101865925464975624146
113195216168050489597
107650597322737868534
108518411013967879195
108614961624835910877
113602028758879003956
100379827397924071303
107958599012052618167
103082123239646171933
112874801241946748838
110797773780019702139
102182237686825261309
100294185327974270771
100341069332851031995
110811310761167129178
100823161125693765839
104825474841382118843
107783306176254415129
108017736986284272534
117210902115360278810
116064982957327880126
101348810494182338439
106994026088485064533
102802027799363620744
109591653029216727491
109840798247997395297
100417161159739764347
112995668742108647641
109853222933639902589
117535277420004542098
108718405084727198834
113012280721943399247
111921307370088213696
113449130037491572699
111430668165316143357
104814654710434589724
116418060601598494126
108072129921303813015
114134942179911304752
115648536112772265561
111715564735027934965
107776509332910489845
109534199042939765491
106192109514866542298
106313799236725030726
101489238172412455565
104533244336380156416
100833008366289253433
104374877828420523001
102853469915961710169
111131366367100906633
109849936557046822470
117307582824283994308
109880656819676198896
106001822498547702835
112415041826688778743
112723452515517293279
114734995599270252886
103175315767550909945
103362888013970546515
108653846590311073849
114789418247326666904
109756302715075347881
100206180131731784292
107950159651044089053
111102696432302612158
106130371037568156680
113541916133359832224
115802661836634717105
111539089969868594244
111502210020022958430
103855566695166275731
115072385514925331542
111363383446343574029
115115520420924232663
101501065559931677032
104006174037106168974
103368212112302730561
102014658539002465398
101203534625235946425
115625126616558665797
116083888509266864115
116887712577323791806
111141442288560753509
114417141133634332398
115504363727404635252
116182667911209127469
101779692698473673651
108401006667279295213
112163751455305588315
108469695915222979343
103163113953388043302
116381024156618692508
102608379883853483678
105326120803690708020
113856406408455285964
112593170550658117982
115154401914484275282
102492150715532401025
105639266092164234815
115826540427812221250
110427324444308865973
116071936909245289349
111433430536442286301
102170875066417036577
100600333874422658769
106076081272646863318
103981168037338892826
114776147985289882470
114236354414957055892
105237302313542481323
110833128603176281642
111284878408409285498
104574855714270781322
111771482900170662001
113517208093722192804
112759477863700180439
117059664095793269040
114904712019508378274
104555662179603306761
105009229318335596878
111751381532284514698
107558323179602517601
116709651450969475128
115186646369888603640
101674628749383332497
116549676793533464299
114616046956016808215
114891561226886883141
112874934178380696811
105980354203966235008
111014450734921332152
102192102359156232985
107742807318764154583
111683910738667853444
110708316022843459051
112839077179524541590
111665029026024202364
108387107938966310755
113742277353016814831
107664331207784657549
107455873528054485729
103349121811487938048
107753850920286536704
111961311819679296547
106332404499812483544
104335315890369973180
103407163564721219859
111816774302469893872
100852424076463503944
106589482845777486404
107295105762709261928
107337274728798818343
109679978217002875372
102332032304113713012
115214611344988102079
110781455096283387272
114807774201232927514
118108325814003963743
110571051329418939235
109569739721405033242
107614843238833895006
109171873213870471021
102773279462422596030
109445257965132635851
105667468342794793506
108432007275761621669
104258880600714126673
101724243860260572997
103371655561047908418
106689296045931362288
108324206352184620268
110646615172842886041
105983943513920776536
110351254110000881125
112917512334574708360
110628721442756840163
107065752507339139414
107136384955453751260
115185449105972818666
115421207682636992677
108584704529914069619
109587486630742150706
113520293752087599327
108146404153165680838
118052843487689824683
105444205515068355694
115943008112330078736
114830339319083039199
112634252579159792714
116472784091990481908
111408024451777741269
112719458927636075862
104763480255337902487
110964706239654149782
109971231238647617136
116519061501055339754
109604556247772310738
114083498098684457946
109426421779175313864
114534651418161748244
103017582463719198733
115107159337917469579
106357065879965722796
102367260799979144994
102962267818624367518
114635209083263014668
104979585499014359056
108313192799487301423
104627999108569475144
110843690931646875629
108949854020187327413
111640487005136141548
101710072907415475048
106682831104422461380
103814000069072808729
104331396781914329238
115696627264603800288
115610978445941260570
101910521759369927855
113178325168660576001
104401373541938393057
118437463522176176392
109714765350295914221
110174813392291536739
113007693161252452222
104774027545646670974
113427927431743027385
116709970855300978379
116586355841173692358
103867530575535693283
107707389074268931248
107181236611121032050
113434196009701854849
112465247407735682795
117436403806608914891
107912585365161248516
105405328831396229415
108747936283442229594
111243718298205548463
115916343320608156844
101941313942932670428
103155291053045215105
102639124560633633971
116497317216987082207
105484041531439103078
104971164798974135902
110627106182053745811
113687343597960487810
101944206373982845321
114764567692252908296
106933948937902297038
117525973936729970891
114548661351730516495
110807748106301476611
100813229168405788654
111209214525830037701
103377075867360407587
113711108173605322645
101992123652999935743
112974280811889895354
106220350545588997407
112949814018206575442
116960257965057783922
112958091915572969671
110105384020219882756
108229578099189201469
101002763499249748753
103299816231266389906
111402735079180150346
114609727555147099285
109833374118865667426
102361078944455275911
100056667993351605592
105575110775527575127
116782566375483803076
100148644954780474035
109294555490324725530
103511350050676011737
116924220053677113010
115155859931084560041
113054379151338220091
108957429717416000716
112253818151370931460
102920063140431683002
104756197998574461238
101302643018559111382
107221648880645188846
106099228388712587680
115943858584595953229
115553493967459071534
108177436148589769788
105861340935360344158
113897505566230490416
113173368791673486720
110586045535026250474
117739668639607274380
110325732808311535167
102853106988481559187
105154920835983138602
112519062513848263490
106705964001676352785
106950753820162335683
105059362788808645801
103857189861028488187
118026639398463272784
103536195409014220523
110718142533205250096
104586162114876318179
103398385771025502506
102865263115020893218
116185270169402848975
108864496916059257511
110717004259802576923
107937925883385213883
103048835864369028813
115859555134746673276
117786539346417468923
117518052784679262169
116710357026246031417
106958845809891074285
102718249031241565542
106535723624866309220
110544974991544063120
110199447068626860321
106888338936480051159
103666561535231272715
116164699853261435506
105376334733772823567
104060877515013141128
103436161078767822313
115288926045225966893
104119324947337436102
101839499871394608011
100836367544251507650
103711468636988794029
101265429413963140460
107192195569453684660
110491248682032332808
107140486989022223935
107986085098330643402
115932370725995770513
107639567933788693074
113731206472000403658
108348516313516590196
112108944231231404319
105593014917415260005
106409370052292294787
103406417830956274679
110263366135059807591
106571607164351818895
113917390722624035964
107172284758705616241
105274808155323432426
115583191077994279204
107797272029781254158
113245006880483077613
106594741903694904203
100722887692465008030
112689633600569176104
115447412616529141867
114229150513555976047
117079601254384255533
115702864548443335636
106739452941014314045
106803446618058235000
105333575251122804661
116833204241130120389
102859394960765354384
100744098255783681769
102638508513720833704
116068784527777483014
112422953027133653129
109532143654854272850
105143666660960702098
114227700738919219201
108052863753138689063
110985778002548630202
105890525916895785371
112785318169610930599
112139137835193833820
100711547774033634035
114077526390677656327
115671063330606393373
104872135529411360480
118335302974104408634
106430664904342137605
109176718401700843383
100174680553226450788
114041884782773062746
104067322559977742784
100085600459967566496
102291695720460577492
111773235569241431766
112267277812625906948
115087165038055955464
103439864513845483816
102827373101292350648
115649622309500988180
110631646196953349381
113874405212158495718
109888238259500803607
104295498599396545956
117360085450919784137
116620300481426171696
106631699076927387965
110164095374420935438
111184485447070007406
107926736378434526385
116364596822551023703
110713560942316362614
104495801637088357030
117539264110433693870
103431696608588418198
110863089617504968896
112218872649456413744
106495672613183710380
105322504248729121634
109331041522771770269
105903568844454591835
112941112390246692352
107772933382172525391
114030712558623131046
100424255406304450897
110006606758172824299
118440834829206593594
106635352179789151076
112691497395407315657
103405437627248580562
110856880154253012411
113763167140406107715
112430325319321673960
104854680596768052393
110328083921628554489
104977151794274323600
104216172630779748390
116877554360177030248
103349824066409682785
100533605994217367545
113311452977363451419
115420961179277990370
104025431341062052230
104672634074280584774
116442500821270735914
113868497016695526061
109282497742984177771
114233674199568482864
103065840491724635655
114230504510614549384
112321776053230315081
114674573384152500153
103372340112592962260
114307222982259606126
115504067126547467213
107585360330888409354
102901226276017238198
108425986345230538974
109034374937381314474
115438084554348233915
104960220074450661138
117132371396046770773
100767306798940929132
102390293833651972786
108637048584259881059
115228955889351339788
108478928596942674416
113009926092259788627
118330562204518392879
106936570598218665274
105379793283929115511
107818133119386594817
108066017019877316693
114169743757779843066
114599758497850447465
111739438589093038239
104495455427631084370
115954701001996611755
115058476128695642541
112827030553591531588
117680962570444930909
107066102241107341945
106570479847476668570
109507200613062627745
102034906083708167444
117404583236984950469
103129349594285856188
115238154444180253862
115022257395428442449
109192366328744177409
114443601391651871118
114531672642155481350
101251937993579610470
104267794583419987368
115398152838889832884
110502515938720489645
109524892815752933274
117573470814344801215
107035262944014545025
118360365127137010892
107754076647148409949
113306801056572514632
107212792108947697067
107183253009455047993
102109440646458760555
110861582618244529610
116619431091667844900
112290893637667196625
114959118274913932347
105025213773603695391
115316679206534567071
114924782048678224476
115179502630895771295
110542910037278695414
108310086555480760278
102022942604106466987
107658851802357063022
107257551033066634962
110847713984522478447
112286065502416641157
112900311666739552672
105053565853484667466
103297446480314043785
116558798459343623442
113781386215450614303
112523978664764919940
109017192375842203140
109455489492067283871
111514232446579960855
110613820107632932759
117444340545660745415
103492166723055469978
108710290237681040422
108396235314989579386
110796868832715828428
113974423886245874261
110756034430313618058
110305043896789356373
114386097718406918515
101968685409431735765
105677380318524566938
108233028875375016776
101793841234210574860
100895543456937234105
106326987262436268862
116992234810067730471
113789332044458431493
113215612195391519104
111843347064552652929
104590354453710600264
105101880355811666329
109818545626232702927
118312136278604433033
105985190229155661470
115844177607341631535
112353120963990775181
118122726310121008905
115044254779437772630
104203652282969188329
102556815242935253163
105178695951962007842
107189583545324197273
112081236733090985034
116330731418032701875
103149035296193423265
116322601000099175852
107732421554148806838
104877039845935094254
101965483353928640019
103961534140900648263
114616337443466889643
114456446004687841871
100894693171099522385
111319640055983855638
100377493270775536948
115481103967401468109
112932635123482419449
109406063313264799288
109915901462911322532
104490917314205915175
100994114474811451452
104780272865764304943
114330660328475245553
111327153672889622435
102458401028589934445
116985669755240937288
114820994715741499773
116060493647583220740
114057769996441254976
102963910712989139826
106352308148651023028
102063382407038626251
111267144824855215349
103552804267308753082
105379140621407966191
109878056070998385861
106275422401216251588
111927897454606376311
111191072473304365995
102827284976903062011
111875287697621672917
107906874873277870053
117366603625618125795
107491584840472966241
116835499549315427288
105493473080295824847
110352049954858592591
117377281089179064127
100550883833160097949
111182431492459221795
100539575068237090995
115700862658404210448
100667857649647056641
104252862794937036584
101571160954095136246
109485126479450382904
112479395308902775435
108017573873276825989
106658510434949828502
108728164078579804302
109924510504100642470
115301800233415635395
103521833474836355653
105572978440878177178
104684441318752696089
109726313627874168458
109013675748571882844
109818192695636126735
101358319025989999114
101734509590067269774
107668560116830120788
115407095285423139320
106238517966209289576
100176865823828530091
117146682066152883572
103985963298247802602
109392659960164120413
107791467969873115201
118274614022023177832
112811917756529199878
111324588329116502917
114041463383991053197
115682813696303006587
111266224709387839907
111539265885175147251
102887089091159766784
104250685847099434008
102574911489004103331
111626127367496192147
114700821929032307220
112692527930044903142
117271893893901930113
112031990538883914110
103451596250748168871
113515797474908536396
118153265918878235368
112718343109016084739
100267989692888530035
103875238541171081837
113159958807571221291
114744069601923913896
104287356618208714528
111968887856240155595
100464532883023185802
117878694614550379135
112599230585998681002
109026724928298173017
113200373753629517590
118063577915567349283
104054574058208562959
100688342463146706221
111913133208912590893
109483293762839601965
111552470866096382975
113320603178970686782
107690419453422967245
108992554453316768757
112642657609172559717
110274733310225581098
107366533839380915363
100105622588643631935
111388165872604479681
111574829857013228370
115862487102204116703
116833425600440809196
113161246931428833560
117357267139698999858
118349418152497729270
117446088670460311008
102710183706677764850
102527925010428549131
108032402516771741591
103472319355659740878
106703296595164733818
111697833320228607067
100121444682130041890
115671656286705736421
116167337960747087774
110771007781628256652
102813380098019092610
106449727378405158848
105468084145038081462
111258779788165308148
106365783101441017480
101943156043095791972
116420057938473842488
102479887987117273792
102280805160153585616
117828313196091338796
110751695775382369581
112146969851775073199
105615110547407632051
103098353583925713468
110498890169438226188
111582328174252160142
103737329902741783475
105726386844306323979
110558654367490303145
106421247487251708324
116362671157344371467
107907384911201322759
116985538097693614873
110010231169779656917
110751504622330781551
103028496421185624805
115591786077319098834
109556639249635359223
101922941831823395135
116264826658761799646
113954296649617420231
116848222768043172558
116152487491862060853
103926239092068040063
105480238024950487102
114442427880093488153
110981147510362492182
107758304976640739755
111148952693551211750
108371105814547133811
112151415165363467894
116021610595347129389
118382500535928553019
112622091494607489096
115205077250545317930
117716535051506397364
104216500156717934391
113949519723682925567
108402576627354091985
110851017624135239189
107558450786911533393
112044466966389781759
100223213058436564889
109397094286265266615
117681369894066944474
109637320113616997677
113856564749818279817
113186041407762428891
108489782256316824947
106384513845903262486
109948352496805349446
115738073011986222890
109454132951111696328
111492068835666455942
109739414726044193568
110289555232886706044
108075735061459865302
108925542186654639556
109485787539427395294
105144375643753629218
103733229333728313294
108652683918250669120
100367454206252162912
107202284889068740889
100985770612022571395
117395357657144576506
101957937097252874684
111579379640701374872
113654380873229439385
105631103190106017501
102173558921269615655
113849854505123227374
104621857377141907040
114076759036499822070
117567489965303682321
102936213515246670008
103569734219231784999
110820809722251353317
107894766022385655597
105228131106816740026
103349161625646265275
115857345846363319016
105097711385490655731
101718942758847318562
107856972132291128234
103334986266002115939
110463142411176004124
105989456487976967917
102383125272350467098
107123307782081491225
102844123476736043891
105511495032357002943
104125212504044464089
113772197126752312456
112455020755668976102
115621791458536264084
116833991732618710523
101824069680856389733
101932261989922558779
108255082958486373889
109048359520411283465
116397971004275487557
107901264592810282871
107375262745412625875
104252380396353131145
100174321819610486516
103033089717007707928
106340598317931857287
115417948329219757935
107447808050537630448
100721783316429672308
104015406800395716110
113392320892952049219
115295384467312582541
118376872218849770190
104382517567625912170
117173383482529406494
102402623769737984053
106121517098656243330
111342682204777047770
112720236464470632456
105045418864090222597
107779768346118097050
117787242507496445579
100764238794545776420
110132683919405914033
114489478941490901686
116126244356517427668
111973969893576510363
115760175405814474445
101875485259645359223
104445759560576701918
107077335559660941228
104435436254984278310
102655249637436522761
118047738876876559837
108739113070938213808
107586434634650461462
110448735153666998527
109161438466419240225
112542448356402461206
112101010950952226729
106837719996612412478
100723704198880598406
104352067843751778542
114001965427221955013
111797277586044366003
115724369144979467969
116903647143436388096
114985443882556578001
110392167215364887672
113094209357888259534
108526562954878207210
109758052425162437196
102557174056777582016
103485055419882935644
104543487166626219129
115616267169800778234
115195134167234347176
101585438588217204557
114750328397918096869
113156815773465757878
110319303204265990922
113887112415836794621
117941529878151948915
113714089298667129490
116813645286060549018
101824923181156392444
102281890779488167819
100778903741098176913
103730923698513344553
109915210365611763131
110365399513244140120
113726930019738656398
115741284259208243806
110565320403778186677
113375329645557633506
106676686837148977188
108740283150373817062
111078274372682454136
111512184256845866432
102210648547686294731
108076500924115584339
117965295509267254340
105212495641541796066
108612836998128362334
104711445050137086324
111643266122748734432
114426570342652206731
107872747744373370122
105317083018184691145
111021835910560436573
102116451740133065238
111173201534580790140
115029351433177228321
109723920283491806424
105640544214998615466
115372279605205815458
102357726050223585119
110706117987909651207
101177359899493818623
104885190784717419864
101360043043246854563
100645554946138439761
101803918325183128573
106586897945427221069
113296404271814344410
110663051870400929899
102206917414007317925
111309291647972636497
107320622292495943878
117500062405295179970
115303478001643310120
112048878651459844783
115299623442171957171
100786941839087872786
116865952159156566164
105058846065511542180
114721707153992450318
114806093052656384078
107689142004569178520
112714901889383767366
101897528441245669757
108007601405252501446
104140791092565961647
105363003096371630596
102277010431656938840
113411599861837387585
112318758690238824201
109525220284981558238
110574663848967034344
113562486592922185062
118365529770473475190
105321914311306064202
112769872968320920609
108500397769967701035
110495334769959954493
116292858461527689072
105860940017509874538
110748421773388678236
104842475656672006313
115171408774485095754
115743812905927705029
102585789961368110012
100654207409221060792
104460084020220408951
109065871153985814750
113971591355501046494
108454995067575117616
108115963700447062660
111393277166870328927
101768336755145080002
112447146448093925465
103612910853922016221
108507911667222348640
103097812012708106691
100645530134763042757
110937633080014620803
116350964593360320747
103184848438617607889
114974777115792744129
108128649807866405637
102933137662832277669
110614684838086193668
108187831475330403741
115520310250610592137
108311088769289540797
106033033450183217180
114355824436067280501
117666739212575910795
108409328546114869567
105025838961045159359
102213037741846352273
118199768747921626756
106429961963629227062
101335541439267325966
106504154207292881562
106171100430627722195
114038050481160399463
117596213073936502933
115902650853708414172
103420616511895701861
106438357718569565450
114933214581212959719
117837793779117309208
103138604309792437809
116821577073865246654
116977350782862173310
111809787107258249901
108635433215760831483
105648247372455687980
104099166970678784919
101386857519475873985
106324678452167735489
113873849755183710742
118000335111402838934
108850030774037828234
115926857880944845896
115976105798030829766
115384959834943903457
114271037529296783976
104642950215621924671
105204064335878022971
107471323033554152810
103926872364299472991
106646731641093804884
100045231811202996658
104432158034326122372
107596899314053100681
103286931740924364089
110349526155352204939
117185586199223576564
115079117807033796132
105200271450813448179
108056953525891467911
111192617074729686831
114570624837009345098
110846274964870695010
111753741380123063787
114561031955739108856
114984671952339154187
109531152901530908248
108564885841030106469
110417505451151807198
105928792627642346802
104324270329696295169
111327923750971822578
101469717016061477173
104440668620287737277
100276273204882010047
117353980479250980339
110915631735542360010
116299354964283331426
107840798432457750269
112088325449623116122
103569437170996679309
106485271768554661848
100163439592204960578
109234728138232614946
109957761338193913262
117282758184990482371
100231614538111836636
101880234430949319331
105015530780208102269
106847815342085902704
103751287957266384939
108780047168411818781
109899794521554193789
104514847142827064997
105009890285882343843
114326400349275661613
107458073265186318329
116202165993290835975
113288550993250472217
107114025279983172290
107671796634884345087
116972429232316976147
111933261610639723747
114592751246503219483
117162507282113102399
115818189328363361527
112780976651709963970
107268466163853556128
108539828965321778989
105329030991166863043
110445123843931299766
110214726295520412268
109841376279839004593
100790711326862020603
107558775673569042478
114496106258859634492
102552880543713181525
103370881413256633074
100503895141082389582
101436560591804130884
102901706756946249271
101234547161750704171
105742349374245100128
115662775787252825551
100312447350178904440
106359959051230282021
102896975858212237275
113939210149657099644
107294590304758195450
101861524639097622832
104658162122919928891
102034241150008937046
104444843852667570776
106245364764603554843
108033401997123114834
102781463361201302305
118298597623200666947
100067485468850704150
108958665772300025720
108735442669559509563
105640145230545220934
100808080184734628652
110538986560215855409
101228598913195416897
103794743247746905822
108578339970033555783
116614629251575577008
107039511746810757002
103283914757173730787
106386553510672322237
103685640043324905652
100135358797074775773
110550288180811673741
112436206675194537654
112224577535149506204
107895593509106287711
116437805414062243759
104594993903646174156
112426275018638423029
107987708330326014965
106153737913560870434
102520929907715884124
112097894533915595586
104413548747236573289
108794136204737010252
106429464421524556794
110774709395248990179
118078387188969068621
116837917591337931425
115571111418737878086
111976017666092747155
113147158446251361575
103536692897363794570
104036179357719404594
107247163835867184507
113498094694884105249
111489673540432326345
115088216904563458552
107581374077030453525
117265790359254692720
100766133402177140180
107026940926242904658
108800145309300148298
110965477166510475186
100550782367000080959
112799341041114228791
110641663712891766515
112514382736549641404
116081765998784343772
109688091662459388484
105703992051119405095
113173802746507460886
100900667609642678310
109416292284481834468
116013645896917535566
104870885403438373185
114919863787080958888
104721455972367169951
103561114068027430430
115193438420611166453
107928556989598214183
105612423881526846852
110401826443726758327
113209669690313650268
103914933618341866163
103078086391223239755
110206728325115733590
116194177675871401182
112238734863823242934
107931793362850536300
107376910461843824901
112365574647896435113
103000101953645649338
108486485389801137018
117387316396284904049
110538946605178811051
105813384004914844106
113850799902893324741
104943728376565982613
109439091480802003874
107049194782881789758
111644260954372714862
101715275661311592472
102014248120302686677
105286581348824529785
100440492781412190752
101133433565487635563
103300832342963869828
105397109908240677317
102592344947660013022
114710728418888233002
112740503552883485811
117928897400939415936
113986296375907537509
118008283460278557281
117686453680531840937
101569003397464761339
103109928904527034972
104472900481351017406
107360158046002405697
114126490528542316262
102663141250396452826
114018955021395511183
105761041851563081475
115162241550899032933
117346810183143491076
113525648917833341502
101844248571144042569
102325646354166198635
100946325700117791208
105053136520471653574
109083269496054902740
113879422689363920773
106741222992400580002
105497120983778534978
105973371025249050396
118305379676206697283
101122782647277981468
110388553026766170175
100356913976873248293
116930819178145233308
111151447317325866199
115009308615896032992
117454727964785707966
105437082108650558664
116498317238015041586
111828124263241195690
107058199835776314817
103488871173141523378
111286251302377428260
108367439524324382652
112225511129301250705
110581173346006113655
108161063146380737814
105069844990861987595
100141120764411559502
106341865657051568810
102269524850833489140
111914552942683199022
102288268993005617899
103272879415810815282
115227045687694073719
100518097224581464987
110388400267738301898
105842255268653948079
104276095820173497474
109534920298670272274
115688632601346308061
104142411839110533505
106879295458097576020
118391333245169549043
107626273677877708547
104491908013593043680
113319098946825176433
111739269829918658551
100117868937954629040
103742595857344142852
102609408706912498974
102761119680606839864
102819421969708591432
